%YAML:1.0
---
body_T_cam0: !!opencv-matrix
   rows: 4
   cols: 4
   dt: d
   data: [ 9.9990887782350535e-01, 6.5817015973750372e-03,
       1.1786316380508990e-02, -2.7095369267540689e-02,
       -1.1706652978118383e-02, -1.2013885513013856e-02,
       9.9985930051729299e-01, 7.7614494751850516e-01,
       6.7223750109805447e-03, -9.9990616947739841e-01,
       -1.1935741085011831e-02, -4.2955051226742275e-01, 0., 0., 0., 1. ]
