%YAML:1.0
---
body_T_cam0: !!opencv-matrix
   rows: 4
   cols: 4
   dt: d
   data: [ 9.9984777351308518e-01, 6.3780775364292927e-03,
       -1.6240379548079442e-02, 4.1347905245667699e-02,
       1.6303461036214450e-02, -9.9661440829910131e-03,
       9.9981741989743200e-01, 8.5339501669930776e-02,
       6.2150590638398824e-03, -9.9992999559922013e-01,
       -1.0068611710490227e-02, -1.2912042333702639e-01, 0., 0., 0., 1. ]
