%YAML:1.0
---
body_T_cam0: !!opencv-matrix
   rows: 4
   cols: 4
   dt: d
   data: [ 9.9996100878440963e-01, 6.7346363017934700e-03,
       -5.7118810166546241e-03, 4.9454635892958600e-02,
       5.7741564545775526e-03, -9.2641432593705275e-03,
       9.9994041560830416e-01, 2.7197850162579729e-01,
       6.6813193385673667e-03, -9.9993440801062172e-01,
       -9.3026688828345971e-03, -4.1744482387256150e-02, 0., 0., 0., 1. ]
